,Total,100k-124k,125k-149k,150k-174k,175k-199k,200k-249k,250k-299k,county,%100k-124k,%125k-149k,%150k-174k,%175k-199k,%200k-249k,%250k-299k,count
0,380281,10155,8193,15453,14452,41630,43237,71,2.6703937351590006,2.1544594655005116,4.063574041301038,3.800347637667935,10.947168015230842,11.36975026362085,20
1,75945,737,595,529,695,3226,4836,83,0.9704391335835144,0.7834617157153202,0.6965567186779906,0.9151359536506682,4.247810915794325,6.367766146553428,3
2,45548,1510,2023,3474,2799,7445,6076,89,3.3151839817335556,4.441468341090717,7.627118644067797,6.1451655396504785,16.345393870202862,13.33977342583648,1
3,64900,579,265,572,439,2436,3283,53,0.8921417565485362,0.40832049306625573,0.8813559322033898,0.6764252696456087,3.7534668721109403,5.058551617873651,5
4,65248,625,309,641,448,1405,2080,79,0.9578837665522314,0.4735777341834233,0.9824055909759686,0.6866110838646395,2.153322707209416,3.1878371750858268,3
5,53750,623,414,689,673,2326,3756,17,1.1590697674418604,0.7702325581395348,1.281860465116279,1.2520930232558138,4.327441860465116,6.987906976744187,2
6,600104,5299,2926,4976,3699,12728,18730,73,0.8830136109740979,0.4875821524269127,0.8291896071347633,0.6163931585191901,2.1209656992787917,3.1211256715502644,37
7,158543,900,145,289,271,659,725,81,0.5676693389175177,0.09145783793671117,0.182284932163514,0.17093154538516364,0.41566010482960464,0.45728918968355586,8
8,157554,10649,9347,17444,13080,27341,20793,29,6.758952486131739,5.932569150894296,11.071759523718852,8.301915533721772,17.353415336963835,13.197379945923302,7
9,41795,1482,1701,3812,2924,6817,6730,47,3.5458786936236395,4.069864816365594,9.120708218686445,6.996052159349205,16.31056346452925,16.102404593850938,1
10,28772,845,1412,1980,1910,5733,4545,39,2.9368830807729736,4.907549005978034,6.881690532462116,6.638398442930626,19.925622132628945,15.796607813151676,1
11,136239,462,59,307,104,760,811,75,0.3391099464910929,0.043306248577866836,0.2253392934475444,0.0763364381711551,0.5578432020199796,0.5952774168923729,9
12,20611,470,199,423,299,1228,1907,45,2.280335743049828,0.9655038571636505,2.0523021687448453,1.4506816748338265,5.957983600989762,9.252340982970258,1
13,164124,8267,7353,13565,11142,25579,24277,19,5.037045160975848,4.4801491555165605,8.265092247325192,6.7887694669883745,15.585167312519802,14.791864687675172,8
14,100576,2657,2142,4950,4256,13951,18456,99,2.641783328030544,2.1297327394209353,4.921651288577792,4.231625835189309,13.871102449888642,18.350302258988226,4
15,22733,1542,1457,2389,2128,4529,3549,31,6.7830906611533885,6.409184885408877,10.508951744160472,9.360841068050851,19.92257950996349,15.611665860203228,1
16,102650,616,423,1021,835,3294,4750,61,0.6000974184120799,0.4120798830979055,0.9946419873356064,0.8134437408670238,3.2089624939113492,4.627374573794447,5
17,116393,1132,683,788,660,2039,2841,97,0.9725670787762151,0.5868050484135644,0.6770166590774359,0.5670444098871925,1.7518235632727055,2.4408684371053244,4
18,92149,761,834,1545,1012,4796,6820,95,0.8258364171070766,0.9050559420069669,1.6766324105524748,1.0982213588861518,5.204614266025676,7.40105698379798,3
19,78866,5964,6499,8480,7414,12053,10101,107,7.5621941013871625,8.240559937108513,10.752415489564578,9.400755712220729,15.282884893363427,12.807800573124034,3
20,595272,3183,2346,3719,2746,7994,9860,59,0.5347135427166069,0.39410555174777245,0.6247564138746657,0.4613017242537865,1.342915507532691,1.6563856522732467,48
21,31078,483,320,919,1078,3789,5090,23,1.5541540639680802,1.0296672887573202,2.9570757448999294,3.4686916790012225,12.191904240942145,16.378145311796125,1
22,361105,3212,1044,2047,1233,3340,2841,85,0.8894919760180556,0.2891125849822074,0.5668711316653051,0.34145193226346904,0.9249387297323494,0.7867517757992828,29
23,67115,333,150,174,89,384,812,41,0.4961633017954258,0.22349698279073232,0.2592565000372495,0.13260820978916785,0.5721522759442748,1.2098636668404976,3
24,129419,2751,2430,5964,3894,12458,15543,77,2.1256538838964913,1.877622296571601,4.608287809363386,3.0088317789505403,9.626098177238273,12.009828541404275,6
25,480944,9237,7530,15427,13033,42610,53446,65,1.920597824278918,1.5656708473335772,3.2076499550883266,2.7098789048205196,8.859659336637945,11.112728301008017,20
26,31276,318,241,279,198,516,434,55,1.0167540606215628,0.7705588949993606,0.8920578079038239,0.6330732830285203,1.6498273436500832,1.387645478961504,2
27,38315,416,319,779,572,2134,2951,113,1.0857366566618818,0.8325720996998566,2.0331462873548216,1.4928879029100874,5.5696202531645564,7.701944408195224,2
28,57561,762,236,465,381,918,880,87,1.3238129983843228,0.40999982627126,0.8078386407463386,0.6619064991921614,1.5948298326992234,1.5288129115199527,2
29,171174,1168,839,1046,781,3046,4180,111,0.6823466180611542,0.49014453129564073,0.6110741117225746,0.456260880741234,1.7794758549779757,2.4419596434037882,9
30,18839,427,528,1107,861,3115,3116,101,2.2665746589521736,2.8026965337862944,5.876108073676947,4.570306279526514,16.53484792186422,16.540156059238814,1
31,306324,4236,4150,8774,8970,29780,39755,67,1.382849531868218,1.3547746830153693,2.864287486452253,2.92827202569828,9.721732544625953,12.978088559825544,20
32,260244,1595,952,1901,1628,5643,8600,13,0.6128863681775565,0.3658105470250995,0.7304683297213385,0.6255667757950232,2.1683497025868035,3.304591076067075,13
33,308891,1960,1046,1690,981,3708,4082,1,0.6345280373983055,0.33863077914215695,0.547118562858743,0.31758775749374374,1.200423450343325,1.3215017595203487,20
34,1519516,8600,5867,10499,8258,36246,49659,37,0.565969690348769,0.386109787590259,0.6909436952292703,0.5434625235930388,2.38536481353273,3.2680800991894783,115
35,50331,2234,1599,3293,2826,6435,5861,7,4.438616359698794,3.1769684687369613,6.542687409350102,5.614829826548251,12.785360910770699,11.644910691224096,3
